{
 "cells": [
  {
   "attachments": {},
   "cell_type": "markdown",
   "metadata": {},
   "source": [
    "# KBO중요지표 찾기"
   ]
  },
  {
   "cell_type": "code",
   "execution_count": 2,
   "metadata": {},
   "outputs": [],
   "source": [
    "import pandas as pd\n",
    "import numpy as np"
   ]
  },
  {
   "cell_type": "code",
   "execution_count": 3,
   "metadata": {},
   "outputs": [],
   "source": [
    "import seaborn as sns\n",
    "import matplotlib.pyplot as plt\n",
    "\n",
    "# 시각화 한글폰트 설정\n",
    "# 맑은 고딕\n",
    "\n",
    "plt.rc('font', family='Malgun Gothic')\n",
    "sns.set(font=\"Malgun Gothic\",#\"NanumGothicCoding\", \n",
    "        rc={\"axes.unicode_minus\":False}, # 마이너스 부호 깨짐 현상 해결\n",
    "        style='darkgrid')\n",
    "\n",
    "# scipy\n",
    "import scipy.stats as spst"
   ]
  },
  {
   "cell_type": "code",
   "execution_count": 4,
   "metadata": {},
   "outputs": [],
   "source": [
    "#데이터 업로드\n",
    "#이전에 썼던 데이터라 좀 다듬어져 있음\n",
    "kbo_p = pd.read_csv('./kbo_투수.csv', encoding = 'cp949')\n",
    "kbo_b = pd.read_csv('./kbo_타자.csv', encoding = 'cp949')\n",
    "kbo_d = pd.read_csv('./kbo_수비.csv', encoding = 'cp949')"
   ]
  },
  {
   "cell_type": "code",
   "execution_count": 5,
   "metadata": {},
   "outputs": [],
   "source": [
    "#컬럼명 수정\n",
    "kbo_p.rename(columns = {'WPA' : '투수WPA'}, inplace = True)\n",
    "kbo_p.rename(columns = {'WAR' : '투수WAR'}, inplace = True)\n",
    "kbo_b.rename(columns = {'WPA*' : '타자WPA'}, inplace = True)\n",
    "kbo_b.rename(columns = {'WAR*' : '타자WAR'}, inplace = True)\n",
    "kbo_d.rename(columns = {'팀' : '연도'}, inplace = True)\n",
    "kbo_d.rename(columns = {'이름' : '팀'}, inplace = True)\n",
    "kbo_d.replace('kt','KT', inplace=True)\n",
    "kbo_d.replace('SK','SSG', inplace=True)\n",
    "kbo_d.replace('넥센','키움', inplace=True)"
   ]
  },
  {
   "cell_type": "code",
   "execution_count": 6,
   "metadata": {},
   "outputs": [],
   "source": [
    "#사용할 수비 지표 선정 \n",
    "kbo_d = kbo_d[['팀', '연도', '수비율', 'RF9', 'CS', 'BLK', 'WAAwithADJ']]"
   ]
  },
  {
   "cell_type": "code",
   "execution_count": 7,
   "metadata": {},
   "outputs": [],
   "source": [
    "kbo = ['LG', \"두산\", \"키움\", \"SSG\", \"한화\", \"롯데\", \"삼성\", \"KT\", \"KIA\", \"NC\"]\n"
   ]
  },
  {
   "cell_type": "code",
   "execution_count": 8,
   "metadata": {},
   "outputs": [],
   "source": [
    "#팀별 승리수 정보 채워넣기 위해 팀별로 데이터 분할\n",
    "\n",
    "from collections import defaultdict\n",
    "kbo_dict_b = defaultdict()\n",
    "kbo_dict_p = defaultdict()\n",
    "kbo_dict_d = defaultdict()"
   ]
  },
  {
   "cell_type": "code",
   "execution_count": 9,
   "metadata": {},
   "outputs": [],
   "source": [
    "for i in range(len(kbo)):\n",
    "    kbo_dict_b[kbo[i]] = kbo_b[kbo_b[\"팀\"] == kbo[i]].sort_values(by = \"연도\")\n",
    "    kbo_dict_p[kbo[i]] = kbo_p[kbo_p[\"팀\"] == kbo[i]].sort_values(by = \"연도\")\n",
    "    kbo_dict_d[kbo[i]] = kbo_d[kbo_d[\"팀\"] == kbo[i]].sort_values(by = \"연도\")\n",
    "    "
   ]
  },
  {
   "cell_type": "code",
   "execution_count": 10,
   "metadata": {},
   "outputs": [],
   "source": [
    "#WAR*, WPA* 타자/ WAR, WPA 투수\n",
    "LG_p = kbo_dict_p['LG']\n",
    "DS_p = kbo_dict_p['두산']\n",
    "KW_p = kbo_dict_p['키움']\n",
    "SSG_p = kbo_dict_p['SSG']\n",
    "HH_p = kbo_dict_p['한화']\n",
    "LT_p = kbo_dict_p['롯데']\n",
    "SS_p = kbo_dict_p['삼성']\n",
    "KT_p = kbo_dict_p['KT']\n",
    "KIA_p = kbo_dict_p['KIA']\n",
    "NC_p = kbo_dict_p['NC']\n",
    "\n",
    "LG_b = kbo_dict_b['LG']\n",
    "DS_b = kbo_dict_b['두산']\n",
    "KW_b = kbo_dict_b['키움']\n",
    "SSG_b = kbo_dict_b['SSG']\n",
    "HH_b = kbo_dict_b['한화']\n",
    "LT_b = kbo_dict_b['롯데']\n",
    "SS_b = kbo_dict_b['삼성']\n",
    "KT_b = kbo_dict_b['KT']\n",
    "KIA_b = kbo_dict_b['KIA']\n",
    "NC_b = kbo_dict_b['NC']\n",
    "\n",
    "LG_d = kbo_dict_d['LG']\n",
    "DS_d = kbo_dict_d['두산']\n",
    "KW_d = kbo_dict_d['키움']\n",
    "SSG_d = kbo_dict_d['SSG']\n",
    "HH_d = kbo_dict_d['한화']\n",
    "LT_d = kbo_dict_d['롯데']\n",
    "SS_d = kbo_dict_d['삼성']\n",
    "KT_d = kbo_dict_d['KT']\n",
    "KIA_d = kbo_dict_d['KIA']\n",
    "NC_d = kbo_dict_d['NC']"
   ]
  },
  {
   "cell_type": "code",
   "execution_count": 11,
   "metadata": {},
   "outputs": [],
   "source": [
    "LG = pd.merge(LG_b,LG_p)\n",
    "DS = pd.merge(DS_b,DS_p)\n",
    "KW = pd.merge(KW_b,KW_p)\n",
    "SSG = pd.merge(SSG_b,SSG_p)\n",
    "HH = pd.merge(HH_b,HH_p)\n",
    "LT = pd.merge(LT_b,LT_p)\n",
    "SS = pd.merge(SS_b,SS_p)\n",
    "KT = pd.merge(KT_b,KT_p)\n",
    "KIA = pd.merge(KIA_b,KIA_p)\n",
    "NC = pd.merge(NC_b,NC_p)"
   ]
  },
  {
   "cell_type": "code",
   "execution_count": 12,
   "metadata": {},
   "outputs": [],
   "source": [
    "LG = pd.merge(LG,LG_d)\n",
    "DS = pd.merge(DS,DS_d)\n",
    "KW = pd.merge(KW,KW_d)\n",
    "SSG = pd.merge(SSG,SSG_d)\n",
    "HH = pd.merge(HH,HH_d)\n",
    "LT = pd.merge(LT,LT_d)\n",
    "SS = pd.merge(SS,SS_d)\n",
    "KT = pd.merge(KT,KT_d)\n",
    "KIA = pd.merge(KIA,KIA_d)\n",
    "NC = pd.merge(NC,NC_d)"
   ]
  },
  {
   "cell_type": "code",
   "execution_count": 13,
   "metadata": {},
   "outputs": [],
   "source": [
    "LG[\"승 수\"] = [64,71,69,68,79,79,72,87]\n",
    "DS[\"승 수\"] = [79,93,84,93,88,79,71,60]\n",
    "KW[\"승 수\"] = [78,77,69,75,86,80,70,80]\n",
    "SSG[\"승 수\"] = [69,69,75,78,88,51,66,88]\n",
    "HH[\"승 수\"] = [68,66,61,77,58,46,49,46]\n",
    "LT[\"승 수\"] = [66,66,80,68,48,71,65,64]\n",
    "SS[\"승 수\"] = [88,65,55,68,60,64,76,66]\n",
    "KT[\"승 수\"] = [52,53,50,59,71,81,76,80]\n",
    "KIA[\"승 수\"] = [67,70,87,70,62,73,58,70]\n",
    "NC[\"승 수\"] = [84,83,79,58,73,83,67,67] "
   ]
  },
  {
   "cell_type": "code",
   "execution_count": 14,
   "metadata": {},
   "outputs": [],
   "source": [
    "LG[\"승률\"] = LG['승 수']/144\n",
    "DS[\"승률\"] = DS['승 수']/144\n",
    "KW[\"승률\"] = KW['승 수']/144\n",
    "SSG[\"승률\"] = SSG['승 수']/144\n",
    "HH[\"승률\"] = HH['승 수']/144\n",
    "LT[\"승률\"] = LT['승 수']/144\n",
    "SS[\"승률\"] = SS['승 수']/144\n",
    "KT[\"승률\"] = KT['승 수']/144\n",
    "KIA[\"승률\"] = KIA['승 수']/144\n",
    "NC[\"승률\"] = NC['승 수']/144"
   ]
  },
  {
   "cell_type": "code",
   "execution_count": 15,
   "metadata": {},
   "outputs": [],
   "source": [
    "#순위 생략 가능\n",
    "LG[\"정규순위\"] = [9,4,6,8,4,4,3,2]\n",
    "DS[\"정규순위\"] = [3,1,2,1,1,3,4,9]\n",
    "KW[\"정규순위\"] = [4,3,7,4,3,5,5,3]\n",
    "SSG[\"정규순위\"] = [5,6,5,2,2,9,6,1]\n",
    "HH[\"정규순위\"] = [6,7,8,3,9,10,10,10]\n",
    "LT[\"정규순위\"] = [8,8,3,7,10,7,8,8]\n",
    "SS[\"정규순위\"] = [1,9,9,6,8,8,2,7]\n",
    "KT[\"정규순위\"] = [10,10,10,9,6,2,1,4]\n",
    "KIA[\"정규순위\"] = [7,5,1,5,7,6,9,5]\n",
    "NC[\"정규순위\"] = [2,2,4,10,5,1,7,6] \n"
   ]
  },
  {
   "cell_type": "code",
   "execution_count": 16,
   "metadata": {},
   "outputs": [
    {
     "data": {
      "text/html": [
       "<div>\n",
       "<style scoped>\n",
       "    .dataframe tbody tr th:only-of-type {\n",
       "        vertical-align: middle;\n",
       "    }\n",
       "\n",
       "    .dataframe tbody tr th {\n",
       "        vertical-align: top;\n",
       "    }\n",
       "\n",
       "    .dataframe thead th {\n",
       "        text-align: right;\n",
       "    }\n",
       "</style>\n",
       "<table border=\"1\" class=\"dataframe\">\n",
       "  <thead>\n",
       "    <tr style=\"text-align: right;\">\n",
       "      <th></th>\n",
       "      <th>팀</th>\n",
       "      <th>연도</th>\n",
       "      <th>OPS</th>\n",
       "      <th>wOBA</th>\n",
       "      <th>wRC+</th>\n",
       "      <th>타자WAR</th>\n",
       "      <th>타자WPA</th>\n",
       "      <th>ERA</th>\n",
       "      <th>FIP</th>\n",
       "      <th>WHIP</th>\n",
       "      <th>...</th>\n",
       "      <th>투수WAR</th>\n",
       "      <th>투수WPA</th>\n",
       "      <th>수비율</th>\n",
       "      <th>RF9</th>\n",
       "      <th>CS</th>\n",
       "      <th>BLK</th>\n",
       "      <th>WAAwithADJ</th>\n",
       "      <th>승 수</th>\n",
       "      <th>승률</th>\n",
       "      <th>정규순위</th>\n",
       "    </tr>\n",
       "  </thead>\n",
       "  <tbody>\n",
       "    <tr>\n",
       "      <th>0</th>\n",
       "      <td>LG</td>\n",
       "      <td>15</td>\n",
       "      <td>0.738</td>\n",
       "      <td>0.330</td>\n",
       "      <td>92.1</td>\n",
       "      <td>15.28</td>\n",
       "      <td>0.53</td>\n",
       "      <td>4.64</td>\n",
       "      <td>4.53</td>\n",
       "      <td>1.44</td>\n",
       "      <td>...</td>\n",
       "      <td>22.22</td>\n",
       "      <td>-6.96</td>\n",
       "      <td>0.981</td>\n",
       "      <td>4.25</td>\n",
       "      <td>-1.67</td>\n",
       "      <td>-1.17</td>\n",
       "      <td>-3.906</td>\n",
       "      <td>64</td>\n",
       "      <td>0.444444</td>\n",
       "      <td>9</td>\n",
       "    </tr>\n",
       "    <tr>\n",
       "      <th>1</th>\n",
       "      <td>LG</td>\n",
       "      <td>16</td>\n",
       "      <td>0.779</td>\n",
       "      <td>0.352</td>\n",
       "      <td>98.0</td>\n",
       "      <td>20.29</td>\n",
       "      <td>13.27</td>\n",
       "      <td>5.10</td>\n",
       "      <td>5.06</td>\n",
       "      <td>1.53</td>\n",
       "      <td>...</td>\n",
       "      <td>14.32</td>\n",
       "      <td>-13.17</td>\n",
       "      <td>0.981</td>\n",
       "      <td>4.23</td>\n",
       "      <td>2.32</td>\n",
       "      <td>-2.97</td>\n",
       "      <td>1.861</td>\n",
       "      <td>71</td>\n",
       "      <td>0.493056</td>\n",
       "      <td>4</td>\n",
       "    </tr>\n",
       "    <tr>\n",
       "      <th>2</th>\n",
       "      <td>LG</td>\n",
       "      <td>17</td>\n",
       "      <td>0.748</td>\n",
       "      <td>0.333</td>\n",
       "      <td>93.0</td>\n",
       "      <td>15.83</td>\n",
       "      <td>3.60</td>\n",
       "      <td>4.32</td>\n",
       "      <td>4.43</td>\n",
       "      <td>1.32</td>\n",
       "      <td>...</td>\n",
       "      <td>19.16</td>\n",
       "      <td>-5.25</td>\n",
       "      <td>0.981</td>\n",
       "      <td>4.12</td>\n",
       "      <td>-0.35</td>\n",
       "      <td>-0.38</td>\n",
       "      <td>3.394</td>\n",
       "      <td>69</td>\n",
       "      <td>0.479167</td>\n",
       "      <td>6</td>\n",
       "    </tr>\n",
       "    <tr>\n",
       "      <th>3</th>\n",
       "      <td>LG</td>\n",
       "      <td>18</td>\n",
       "      <td>0.797</td>\n",
       "      <td>0.347</td>\n",
       "      <td>102.5</td>\n",
       "      <td>23.14</td>\n",
       "      <td>14.02</td>\n",
       "      <td>5.32</td>\n",
       "      <td>5.05</td>\n",
       "      <td>1.49</td>\n",
       "      <td>...</td>\n",
       "      <td>13.04</td>\n",
       "      <td>-17.54</td>\n",
       "      <td>0.981</td>\n",
       "      <td>4.11</td>\n",
       "      <td>-1.42</td>\n",
       "      <td>-0.16</td>\n",
       "      <td>-0.262</td>\n",
       "      <td>68</td>\n",
       "      <td>0.472222</td>\n",
       "      <td>8</td>\n",
       "    </tr>\n",
       "    <tr>\n",
       "      <th>4</th>\n",
       "      <td>LG</td>\n",
       "      <td>19</td>\n",
       "      <td>0.711</td>\n",
       "      <td>0.327</td>\n",
       "      <td>98.8</td>\n",
       "      <td>21.84</td>\n",
       "      <td>2.58</td>\n",
       "      <td>3.89</td>\n",
       "      <td>4.16</td>\n",
       "      <td>1.37</td>\n",
       "      <td>...</td>\n",
       "      <td>14.83</td>\n",
       "      <td>5.28</td>\n",
       "      <td>0.983</td>\n",
       "      <td>4.17</td>\n",
       "      <td>-1.42</td>\n",
       "      <td>0.13</td>\n",
       "      <td>3.516</td>\n",
       "      <td>79</td>\n",
       "      <td>0.548611</td>\n",
       "      <td>4</td>\n",
       "    </tr>\n",
       "    <tr>\n",
       "      <th>5</th>\n",
       "      <td>LG</td>\n",
       "      <td>20</td>\n",
       "      <td>0.778</td>\n",
       "      <td>0.350</td>\n",
       "      <td>108.8</td>\n",
       "      <td>27.14</td>\n",
       "      <td>8.97</td>\n",
       "      <td>4.39</td>\n",
       "      <td>4.53</td>\n",
       "      <td>1.42</td>\n",
       "      <td>...</td>\n",
       "      <td>15.87</td>\n",
       "      <td>-0.02</td>\n",
       "      <td>0.985</td>\n",
       "      <td>4.13</td>\n",
       "      <td>-0.49</td>\n",
       "      <td>1.18</td>\n",
       "      <td>3.569</td>\n",
       "      <td>79</td>\n",
       "      <td>0.548611</td>\n",
       "      <td>4</td>\n",
       "    </tr>\n",
       "    <tr>\n",
       "      <th>6</th>\n",
       "      <td>LG</td>\n",
       "      <td>21</td>\n",
       "      <td>0.710</td>\n",
       "      <td>0.334</td>\n",
       "      <td>99.4</td>\n",
       "      <td>21.04</td>\n",
       "      <td>0.50</td>\n",
       "      <td>3.59</td>\n",
       "      <td>3.95</td>\n",
       "      <td>1.31</td>\n",
       "      <td>...</td>\n",
       "      <td>26.62</td>\n",
       "      <td>6.45</td>\n",
       "      <td>0.983</td>\n",
       "      <td>4.16</td>\n",
       "      <td>0.06</td>\n",
       "      <td>0.98</td>\n",
       "      <td>2.209</td>\n",
       "      <td>72</td>\n",
       "      <td>0.500000</td>\n",
       "      <td>3</td>\n",
       "    </tr>\n",
       "    <tr>\n",
       "      <th>7</th>\n",
       "      <td>LG</td>\n",
       "      <td>22</td>\n",
       "      <td>0.742</td>\n",
       "      <td>0.340</td>\n",
       "      <td>113.4</td>\n",
       "      <td>31.02</td>\n",
       "      <td>3.50</td>\n",
       "      <td>3.33</td>\n",
       "      <td>3.81</td>\n",
       "      <td>1.27</td>\n",
       "      <td>...</td>\n",
       "      <td>27.64</td>\n",
       "      <td>12.55</td>\n",
       "      <td>0.983</td>\n",
       "      <td>4.08</td>\n",
       "      <td>-3.31</td>\n",
       "      <td>0.99</td>\n",
       "      <td>4.137</td>\n",
       "      <td>87</td>\n",
       "      <td>0.604167</td>\n",
       "      <td>2</td>\n",
       "    </tr>\n",
       "  </tbody>\n",
       "</table>\n",
       "<p>8 rows × 22 columns</p>\n",
       "</div>"
      ],
      "text/plain": [
       "    팀  연도    OPS   wOBA   wRC+  타자WAR  타자WPA   ERA   FIP  WHIP  ...  투수WAR  \\\n",
       "0  LG  15  0.738  0.330   92.1  15.28   0.53  4.64  4.53  1.44  ...  22.22   \n",
       "1  LG  16  0.779  0.352   98.0  20.29  13.27  5.10  5.06  1.53  ...  14.32   \n",
       "2  LG  17  0.748  0.333   93.0  15.83   3.60  4.32  4.43  1.32  ...  19.16   \n",
       "3  LG  18  0.797  0.347  102.5  23.14  14.02  5.32  5.05  1.49  ...  13.04   \n",
       "4  LG  19  0.711  0.327   98.8  21.84   2.58  3.89  4.16  1.37  ...  14.83   \n",
       "5  LG  20  0.778  0.350  108.8  27.14   8.97  4.39  4.53  1.42  ...  15.87   \n",
       "6  LG  21  0.710  0.334   99.4  21.04   0.50  3.59  3.95  1.31  ...  26.62   \n",
       "7  LG  22  0.742  0.340  113.4  31.02   3.50  3.33  3.81  1.27  ...  27.64   \n",
       "\n",
       "   투수WPA    수비율   RF9    CS   BLK  WAAwithADJ  승 수        승률  정규순위  \n",
       "0  -6.96  0.981  4.25 -1.67 -1.17      -3.906   64  0.444444     9  \n",
       "1 -13.17  0.981  4.23  2.32 -2.97       1.861   71  0.493056     4  \n",
       "2  -5.25  0.981  4.12 -0.35 -0.38       3.394   69  0.479167     6  \n",
       "3 -17.54  0.981  4.11 -1.42 -0.16      -0.262   68  0.472222     8  \n",
       "4   5.28  0.983  4.17 -1.42  0.13       3.516   79  0.548611     4  \n",
       "5  -0.02  0.985  4.13 -0.49  1.18       3.569   79  0.548611     4  \n",
       "6   6.45  0.983  4.16  0.06  0.98       2.209   72  0.500000     3  \n",
       "7  12.55  0.983  4.08 -3.31  0.99       4.137   87  0.604167     2  \n",
       "\n",
       "[8 rows x 22 columns]"
      ]
     },
     "execution_count": 16,
     "metadata": {},
     "output_type": "execute_result"
    }
   ],
   "source": [
    "#팀별 코드 예시\n",
    "LG"
   ]
  },
  {
   "cell_type": "code",
   "execution_count": 17,
   "metadata": {},
   "outputs": [],
   "source": [
    "#데이터 세로로 다시 병합\n",
    "kbo_team = [LG, DS, KW, SSG, HH, LT, SS, KT, KIA, NC]\n",
    "kbo_re = pd.concat(kbo_team)"
   ]
  },
  {
   "cell_type": "code",
   "execution_count": 18,
   "metadata": {},
   "outputs": [
    {
     "data": {
      "text/html": [
       "<div>\n",
       "<style scoped>\n",
       "    .dataframe tbody tr th:only-of-type {\n",
       "        vertical-align: middle;\n",
       "    }\n",
       "\n",
       "    .dataframe tbody tr th {\n",
       "        vertical-align: top;\n",
       "    }\n",
       "\n",
       "    .dataframe thead th {\n",
       "        text-align: right;\n",
       "    }\n",
       "</style>\n",
       "<table border=\"1\" class=\"dataframe\">\n",
       "  <thead>\n",
       "    <tr style=\"text-align: right;\">\n",
       "      <th></th>\n",
       "      <th>OPS</th>\n",
       "      <th>wOBA</th>\n",
       "      <th>wRC+</th>\n",
       "      <th>타자WAR</th>\n",
       "      <th>타자WPA</th>\n",
       "      <th>ERA</th>\n",
       "      <th>FIP</th>\n",
       "      <th>WHIP</th>\n",
       "      <th>ERA+</th>\n",
       "      <th>FIP+</th>\n",
       "      <th>투수WAR</th>\n",
       "      <th>투수WPA</th>\n",
       "      <th>수비율</th>\n",
       "      <th>RF9</th>\n",
       "      <th>CS</th>\n",
       "      <th>BLK</th>\n",
       "      <th>WAAwithADJ</th>\n",
       "      <th>승 수</th>\n",
       "      <th>승률</th>\n",
       "      <th>정규순위</th>\n",
       "    </tr>\n",
       "  </thead>\n",
       "  <tbody>\n",
       "    <tr>\n",
       "      <th>OPS</th>\n",
       "      <td>1.000000</td>\n",
       "      <td>0.944181</td>\n",
       "      <td>0.668627</td>\n",
       "      <td>0.680629</td>\n",
       "      <td>0.929738</td>\n",
       "      <td>0.254575</td>\n",
       "      <td>0.422293</td>\n",
       "      <td>0.090503</td>\n",
       "      <td>0.267465</td>\n",
       "      <td>0.201909</td>\n",
       "      <td>0.242124</td>\n",
       "      <td>-0.266849</td>\n",
       "      <td>0.377196</td>\n",
       "      <td>0.174388</td>\n",
       "      <td>0.183564</td>\n",
       "      <td>0.262874</td>\n",
       "      <td>0.213106</td>\n",
       "      <td>0.555428</td>\n",
       "      <td>0.555428</td>\n",
       "      <td>-0.483281</td>\n",
       "    </tr>\n",
       "    <tr>\n",
       "      <th>wOBA</th>\n",
       "      <td>0.944181</td>\n",
       "      <td>1.000000</td>\n",
       "      <td>0.787744</td>\n",
       "      <td>0.797626</td>\n",
       "      <td>0.903217</td>\n",
       "      <td>0.105554</td>\n",
       "      <td>0.262712</td>\n",
       "      <td>0.006618</td>\n",
       "      <td>0.334889</td>\n",
       "      <td>0.257881</td>\n",
       "      <td>0.291501</td>\n",
       "      <td>-0.113361</td>\n",
       "      <td>0.395980</td>\n",
       "      <td>0.117565</td>\n",
       "      <td>0.218031</td>\n",
       "      <td>0.309497</td>\n",
       "      <td>0.250599</td>\n",
       "      <td>0.629053</td>\n",
       "      <td>0.629053</td>\n",
       "      <td>-0.575223</td>\n",
       "    </tr>\n",
       "    <tr>\n",
       "      <th>wRC+</th>\n",
       "      <td>0.668627</td>\n",
       "      <td>0.787744</td>\n",
       "      <td>1.000000</td>\n",
       "      <td>0.990722</td>\n",
       "      <td>0.653193</td>\n",
       "      <td>-0.375022</td>\n",
       "      <td>-0.259603</td>\n",
       "      <td>-0.416590</td>\n",
       "      <td>0.457372</td>\n",
       "      <td>0.346026</td>\n",
       "      <td>0.390535</td>\n",
       "      <td>0.364430</td>\n",
       "      <td>0.398315</td>\n",
       "      <td>-0.080541</td>\n",
       "      <td>0.232708</td>\n",
       "      <td>0.394721</td>\n",
       "      <td>0.314722</td>\n",
       "      <td>0.781441</td>\n",
       "      <td>0.781441</td>\n",
       "      <td>-0.725589</td>\n",
       "    </tr>\n",
       "    <tr>\n",
       "      <th>타자WAR</th>\n",
       "      <td>0.680629</td>\n",
       "      <td>0.797626</td>\n",
       "      <td>0.990722</td>\n",
       "      <td>1.000000</td>\n",
       "      <td>0.678606</td>\n",
       "      <td>-0.364003</td>\n",
       "      <td>-0.232367</td>\n",
       "      <td>-0.410680</td>\n",
       "      <td>0.472127</td>\n",
       "      <td>0.338585</td>\n",
       "      <td>0.399802</td>\n",
       "      <td>0.354890</td>\n",
       "      <td>0.414407</td>\n",
       "      <td>-0.071619</td>\n",
       "      <td>0.232004</td>\n",
       "      <td>0.428060</td>\n",
       "      <td>0.353598</td>\n",
       "      <td>0.794800</td>\n",
       "      <td>0.794800</td>\n",
       "      <td>-0.744094</td>\n",
       "    </tr>\n",
       "    <tr>\n",
       "      <th>타자WPA</th>\n",
       "      <td>0.929738</td>\n",
       "      <td>0.903217</td>\n",
       "      <td>0.653193</td>\n",
       "      <td>0.678606</td>\n",
       "      <td>1.000000</td>\n",
       "      <td>0.168829</td>\n",
       "      <td>0.364844</td>\n",
       "      <td>0.021219</td>\n",
       "      <td>0.347332</td>\n",
       "      <td>0.238412</td>\n",
       "      <td>0.318478</td>\n",
       "      <td>-0.177731</td>\n",
       "      <td>0.461369</td>\n",
       "      <td>0.178426</td>\n",
       "      <td>0.143569</td>\n",
       "      <td>0.266255</td>\n",
       "      <td>0.296097</td>\n",
       "      <td>0.674983</td>\n",
       "      <td>0.674983</td>\n",
       "      <td>-0.598656</td>\n",
       "    </tr>\n",
       "    <tr>\n",
       "      <th>ERA</th>\n",
       "      <td>0.254575</td>\n",
       "      <td>0.105554</td>\n",
       "      <td>-0.375022</td>\n",
       "      <td>-0.364003</td>\n",
       "      <td>0.168829</td>\n",
       "      <td>1.000000</td>\n",
       "      <td>0.884812</td>\n",
       "      <td>0.917538</td>\n",
       "      <td>-0.736736</td>\n",
       "      <td>-0.551590</td>\n",
       "      <td>-0.644532</td>\n",
       "      <td>-0.942909</td>\n",
       "      <td>-0.153691</td>\n",
       "      <td>0.131943</td>\n",
       "      <td>0.031442</td>\n",
       "      <td>-0.332087</td>\n",
       "      <td>-0.416735</td>\n",
       "      <td>-0.563096</td>\n",
       "      <td>-0.563096</td>\n",
       "      <td>0.592390</td>\n",
       "    </tr>\n",
       "    <tr>\n",
       "      <th>FIP</th>\n",
       "      <td>0.422293</td>\n",
       "      <td>0.262712</td>\n",
       "      <td>-0.259603</td>\n",
       "      <td>-0.232367</td>\n",
       "      <td>0.364844</td>\n",
       "      <td>0.884812</td>\n",
       "      <td>1.000000</td>\n",
       "      <td>0.764872</td>\n",
       "      <td>-0.472430</td>\n",
       "      <td>-0.583812</td>\n",
       "      <td>-0.445160</td>\n",
       "      <td>-0.848409</td>\n",
       "      <td>0.014003</td>\n",
       "      <td>0.157686</td>\n",
       "      <td>0.053247</td>\n",
       "      <td>-0.171378</td>\n",
       "      <td>-0.100397</td>\n",
       "      <td>-0.335956</td>\n",
       "      <td>-0.335956</td>\n",
       "      <td>0.357487</td>\n",
       "    </tr>\n",
       "    <tr>\n",
       "      <th>WHIP</th>\n",
       "      <td>0.090503</td>\n",
       "      <td>0.006618</td>\n",
       "      <td>-0.416590</td>\n",
       "      <td>-0.410680</td>\n",
       "      <td>0.021219</td>\n",
       "      <td>0.917538</td>\n",
       "      <td>0.764872</td>\n",
       "      <td>1.000000</td>\n",
       "      <td>-0.787257</td>\n",
       "      <td>-0.588911</td>\n",
       "      <td>-0.678843</td>\n",
       "      <td>-0.870274</td>\n",
       "      <td>-0.231752</td>\n",
       "      <td>0.147613</td>\n",
       "      <td>-0.040872</td>\n",
       "      <td>-0.434485</td>\n",
       "      <td>-0.515876</td>\n",
       "      <td>-0.636463</td>\n",
       "      <td>-0.636463</td>\n",
       "      <td>0.633427</td>\n",
       "    </tr>\n",
       "    <tr>\n",
       "      <th>ERA+</th>\n",
       "      <td>0.267465</td>\n",
       "      <td>0.334889</td>\n",
       "      <td>0.457372</td>\n",
       "      <td>0.472127</td>\n",
       "      <td>0.347332</td>\n",
       "      <td>-0.736736</td>\n",
       "      <td>-0.472430</td>\n",
       "      <td>-0.787257</td>\n",
       "      <td>1.000000</td>\n",
       "      <td>0.759753</td>\n",
       "      <td>0.897082</td>\n",
       "      <td>0.665251</td>\n",
       "      <td>0.383463</td>\n",
       "      <td>0.047936</td>\n",
       "      <td>-0.024207</td>\n",
       "      <td>0.431433</td>\n",
       "      <td>0.590637</td>\n",
       "      <td>0.780855</td>\n",
       "      <td>0.780855</td>\n",
       "      <td>-0.790536</td>\n",
       "    </tr>\n",
       "    <tr>\n",
       "      <th>FIP+</th>\n",
       "      <td>0.201909</td>\n",
       "      <td>0.257881</td>\n",
       "      <td>0.346026</td>\n",
       "      <td>0.338585</td>\n",
       "      <td>0.238412</td>\n",
       "      <td>-0.551590</td>\n",
       "      <td>-0.583812</td>\n",
       "      <td>-0.588911</td>\n",
       "      <td>0.759753</td>\n",
       "      <td>1.000000</td>\n",
       "      <td>0.747742</td>\n",
       "      <td>0.493424</td>\n",
       "      <td>0.201674</td>\n",
       "      <td>0.026934</td>\n",
       "      <td>-0.051698</td>\n",
       "      <td>0.264090</td>\n",
       "      <td>0.176185</td>\n",
       "      <td>0.567944</td>\n",
       "      <td>0.567944</td>\n",
       "      <td>-0.566586</td>\n",
       "    </tr>\n",
       "    <tr>\n",
       "      <th>투수WAR</th>\n",
       "      <td>0.242124</td>\n",
       "      <td>0.291501</td>\n",
       "      <td>0.390535</td>\n",
       "      <td>0.399802</td>\n",
       "      <td>0.318478</td>\n",
       "      <td>-0.644532</td>\n",
       "      <td>-0.445160</td>\n",
       "      <td>-0.678843</td>\n",
       "      <td>0.897082</td>\n",
       "      <td>0.747742</td>\n",
       "      <td>1.000000</td>\n",
       "      <td>0.614264</td>\n",
       "      <td>0.433851</td>\n",
       "      <td>0.029515</td>\n",
       "      <td>-0.060212</td>\n",
       "      <td>0.369885</td>\n",
       "      <td>0.292924</td>\n",
       "      <td>0.728486</td>\n",
       "      <td>0.728486</td>\n",
       "      <td>-0.724422</td>\n",
       "    </tr>\n",
       "    <tr>\n",
       "      <th>투수WPA</th>\n",
       "      <td>-0.266849</td>\n",
       "      <td>-0.113361</td>\n",
       "      <td>0.364430</td>\n",
       "      <td>0.354890</td>\n",
       "      <td>-0.177731</td>\n",
       "      <td>-0.942909</td>\n",
       "      <td>-0.848409</td>\n",
       "      <td>-0.870274</td>\n",
       "      <td>0.665251</td>\n",
       "      <td>0.493424</td>\n",
       "      <td>0.614264</td>\n",
       "      <td>1.000000</td>\n",
       "      <td>0.187588</td>\n",
       "      <td>-0.180213</td>\n",
       "      <td>0.003061</td>\n",
       "      <td>0.337087</td>\n",
       "      <td>0.420311</td>\n",
       "      <td>0.588981</td>\n",
       "      <td>0.588981</td>\n",
       "      <td>-0.612687</td>\n",
       "    </tr>\n",
       "    <tr>\n",
       "      <th>수비율</th>\n",
       "      <td>0.377196</td>\n",
       "      <td>0.395980</td>\n",
       "      <td>0.398315</td>\n",
       "      <td>0.414407</td>\n",
       "      <td>0.461369</td>\n",
       "      <td>-0.153691</td>\n",
       "      <td>0.014003</td>\n",
       "      <td>-0.231752</td>\n",
       "      <td>0.383463</td>\n",
       "      <td>0.201674</td>\n",
       "      <td>0.433851</td>\n",
       "      <td>0.187588</td>\n",
       "      <td>1.000000</td>\n",
       "      <td>-0.120102</td>\n",
       "      <td>0.052717</td>\n",
       "      <td>0.293668</td>\n",
       "      <td>0.304185</td>\n",
       "      <td>0.525506</td>\n",
       "      <td>0.525506</td>\n",
       "      <td>-0.456006</td>\n",
       "    </tr>\n",
       "    <tr>\n",
       "      <th>RF9</th>\n",
       "      <td>0.174388</td>\n",
       "      <td>0.117565</td>\n",
       "      <td>-0.080541</td>\n",
       "      <td>-0.071619</td>\n",
       "      <td>0.178426</td>\n",
       "      <td>0.131943</td>\n",
       "      <td>0.157686</td>\n",
       "      <td>0.147613</td>\n",
       "      <td>0.047936</td>\n",
       "      <td>0.026934</td>\n",
       "      <td>0.029515</td>\n",
       "      <td>-0.180213</td>\n",
       "      <td>-0.120102</td>\n",
       "      <td>1.000000</td>\n",
       "      <td>0.041041</td>\n",
       "      <td>-0.206091</td>\n",
       "      <td>0.027044</td>\n",
       "      <td>0.047607</td>\n",
       "      <td>0.047607</td>\n",
       "      <td>0.035566</td>\n",
       "    </tr>\n",
       "    <tr>\n",
       "      <th>CS</th>\n",
       "      <td>0.183564</td>\n",
       "      <td>0.218031</td>\n",
       "      <td>0.232708</td>\n",
       "      <td>0.232004</td>\n",
       "      <td>0.143569</td>\n",
       "      <td>0.031442</td>\n",
       "      <td>0.053247</td>\n",
       "      <td>-0.040872</td>\n",
       "      <td>-0.024207</td>\n",
       "      <td>-0.051698</td>\n",
       "      <td>-0.060212</td>\n",
       "      <td>0.003061</td>\n",
       "      <td>0.052717</td>\n",
       "      <td>0.041041</td>\n",
       "      <td>1.000000</td>\n",
       "      <td>0.021811</td>\n",
       "      <td>0.137891</td>\n",
       "      <td>0.114307</td>\n",
       "      <td>0.114307</td>\n",
       "      <td>-0.108057</td>\n",
       "    </tr>\n",
       "    <tr>\n",
       "      <th>BLK</th>\n",
       "      <td>0.262874</td>\n",
       "      <td>0.309497</td>\n",
       "      <td>0.394721</td>\n",
       "      <td>0.428060</td>\n",
       "      <td>0.266255</td>\n",
       "      <td>-0.332087</td>\n",
       "      <td>-0.171378</td>\n",
       "      <td>-0.434485</td>\n",
       "      <td>0.431433</td>\n",
       "      <td>0.264090</td>\n",
       "      <td>0.369885</td>\n",
       "      <td>0.337087</td>\n",
       "      <td>0.293668</td>\n",
       "      <td>-0.206091</td>\n",
       "      <td>0.021811</td>\n",
       "      <td>1.000000</td>\n",
       "      <td>0.391131</td>\n",
       "      <td>0.454695</td>\n",
       "      <td>0.454695</td>\n",
       "      <td>-0.452787</td>\n",
       "    </tr>\n",
       "    <tr>\n",
       "      <th>WAAwithADJ</th>\n",
       "      <td>0.213106</td>\n",
       "      <td>0.250599</td>\n",
       "      <td>0.314722</td>\n",
       "      <td>0.353598</td>\n",
       "      <td>0.296097</td>\n",
       "      <td>-0.416735</td>\n",
       "      <td>-0.100397</td>\n",
       "      <td>-0.515876</td>\n",
       "      <td>0.590637</td>\n",
       "      <td>0.176185</td>\n",
       "      <td>0.292924</td>\n",
       "      <td>0.420311</td>\n",
       "      <td>0.304185</td>\n",
       "      <td>0.027044</td>\n",
       "      <td>0.137891</td>\n",
       "      <td>0.391131</td>\n",
       "      <td>1.000000</td>\n",
       "      <td>0.544157</td>\n",
       "      <td>0.544157</td>\n",
       "      <td>-0.550996</td>\n",
       "    </tr>\n",
       "    <tr>\n",
       "      <th>승 수</th>\n",
       "      <td>0.555428</td>\n",
       "      <td>0.629053</td>\n",
       "      <td>0.781441</td>\n",
       "      <td>0.794800</td>\n",
       "      <td>0.674983</td>\n",
       "      <td>-0.563096</td>\n",
       "      <td>-0.335956</td>\n",
       "      <td>-0.636463</td>\n",
       "      <td>0.780855</td>\n",
       "      <td>0.567944</td>\n",
       "      <td>0.728486</td>\n",
       "      <td>0.588981</td>\n",
       "      <td>0.525506</td>\n",
       "      <td>0.047607</td>\n",
       "      <td>0.114307</td>\n",
       "      <td>0.454695</td>\n",
       "      <td>0.544157</td>\n",
       "      <td>1.000000</td>\n",
       "      <td>1.000000</td>\n",
       "      <td>-0.935313</td>\n",
       "    </tr>\n",
       "    <tr>\n",
       "      <th>승률</th>\n",
       "      <td>0.555428</td>\n",
       "      <td>0.629053</td>\n",
       "      <td>0.781441</td>\n",
       "      <td>0.794800</td>\n",
       "      <td>0.674983</td>\n",
       "      <td>-0.563096</td>\n",
       "      <td>-0.335956</td>\n",
       "      <td>-0.636463</td>\n",
       "      <td>0.780855</td>\n",
       "      <td>0.567944</td>\n",
       "      <td>0.728486</td>\n",
       "      <td>0.588981</td>\n",
       "      <td>0.525506</td>\n",
       "      <td>0.047607</td>\n",
       "      <td>0.114307</td>\n",
       "      <td>0.454695</td>\n",
       "      <td>0.544157</td>\n",
       "      <td>1.000000</td>\n",
       "      <td>1.000000</td>\n",
       "      <td>-0.935313</td>\n",
       "    </tr>\n",
       "    <tr>\n",
       "      <th>정규순위</th>\n",
       "      <td>-0.483281</td>\n",
       "      <td>-0.575223</td>\n",
       "      <td>-0.725589</td>\n",
       "      <td>-0.744094</td>\n",
       "      <td>-0.598656</td>\n",
       "      <td>0.592390</td>\n",
       "      <td>0.357487</td>\n",
       "      <td>0.633427</td>\n",
       "      <td>-0.790536</td>\n",
       "      <td>-0.566586</td>\n",
       "      <td>-0.724422</td>\n",
       "      <td>-0.612687</td>\n",
       "      <td>-0.456006</td>\n",
       "      <td>0.035566</td>\n",
       "      <td>-0.108057</td>\n",
       "      <td>-0.452787</td>\n",
       "      <td>-0.550996</td>\n",
       "      <td>-0.935313</td>\n",
       "      <td>-0.935313</td>\n",
       "      <td>1.000000</td>\n",
       "    </tr>\n",
       "  </tbody>\n",
       "</table>\n",
       "</div>"
      ],
      "text/plain": [
       "                 OPS      wOBA      wRC+     타자WAR     타자WPA       ERA  \\\n",
       "OPS         1.000000  0.944181  0.668627  0.680629  0.929738  0.254575   \n",
       "wOBA        0.944181  1.000000  0.787744  0.797626  0.903217  0.105554   \n",
       "wRC+        0.668627  0.787744  1.000000  0.990722  0.653193 -0.375022   \n",
       "타자WAR       0.680629  0.797626  0.990722  1.000000  0.678606 -0.364003   \n",
       "타자WPA       0.929738  0.903217  0.653193  0.678606  1.000000  0.168829   \n",
       "ERA         0.254575  0.105554 -0.375022 -0.364003  0.168829  1.000000   \n",
       "FIP         0.422293  0.262712 -0.259603 -0.232367  0.364844  0.884812   \n",
       "WHIP        0.090503  0.006618 -0.416590 -0.410680  0.021219  0.917538   \n",
       "ERA+        0.267465  0.334889  0.457372  0.472127  0.347332 -0.736736   \n",
       "FIP+        0.201909  0.257881  0.346026  0.338585  0.238412 -0.551590   \n",
       "투수WAR       0.242124  0.291501  0.390535  0.399802  0.318478 -0.644532   \n",
       "투수WPA      -0.266849 -0.113361  0.364430  0.354890 -0.177731 -0.942909   \n",
       "수비율         0.377196  0.395980  0.398315  0.414407  0.461369 -0.153691   \n",
       "RF9         0.174388  0.117565 -0.080541 -0.071619  0.178426  0.131943   \n",
       "CS          0.183564  0.218031  0.232708  0.232004  0.143569  0.031442   \n",
       "BLK         0.262874  0.309497  0.394721  0.428060  0.266255 -0.332087   \n",
       "WAAwithADJ  0.213106  0.250599  0.314722  0.353598  0.296097 -0.416735   \n",
       "승 수         0.555428  0.629053  0.781441  0.794800  0.674983 -0.563096   \n",
       "승률          0.555428  0.629053  0.781441  0.794800  0.674983 -0.563096   \n",
       "정규순위       -0.483281 -0.575223 -0.725589 -0.744094 -0.598656  0.592390   \n",
       "\n",
       "                 FIP      WHIP      ERA+      FIP+     투수WAR     투수WPA  \\\n",
       "OPS         0.422293  0.090503  0.267465  0.201909  0.242124 -0.266849   \n",
       "wOBA        0.262712  0.006618  0.334889  0.257881  0.291501 -0.113361   \n",
       "wRC+       -0.259603 -0.416590  0.457372  0.346026  0.390535  0.364430   \n",
       "타자WAR      -0.232367 -0.410680  0.472127  0.338585  0.399802  0.354890   \n",
       "타자WPA       0.364844  0.021219  0.347332  0.238412  0.318478 -0.177731   \n",
       "ERA         0.884812  0.917538 -0.736736 -0.551590 -0.644532 -0.942909   \n",
       "FIP         1.000000  0.764872 -0.472430 -0.583812 -0.445160 -0.848409   \n",
       "WHIP        0.764872  1.000000 -0.787257 -0.588911 -0.678843 -0.870274   \n",
       "ERA+       -0.472430 -0.787257  1.000000  0.759753  0.897082  0.665251   \n",
       "FIP+       -0.583812 -0.588911  0.759753  1.000000  0.747742  0.493424   \n",
       "투수WAR      -0.445160 -0.678843  0.897082  0.747742  1.000000  0.614264   \n",
       "투수WPA      -0.848409 -0.870274  0.665251  0.493424  0.614264  1.000000   \n",
       "수비율         0.014003 -0.231752  0.383463  0.201674  0.433851  0.187588   \n",
       "RF9         0.157686  0.147613  0.047936  0.026934  0.029515 -0.180213   \n",
       "CS          0.053247 -0.040872 -0.024207 -0.051698 -0.060212  0.003061   \n",
       "BLK        -0.171378 -0.434485  0.431433  0.264090  0.369885  0.337087   \n",
       "WAAwithADJ -0.100397 -0.515876  0.590637  0.176185  0.292924  0.420311   \n",
       "승 수        -0.335956 -0.636463  0.780855  0.567944  0.728486  0.588981   \n",
       "승률         -0.335956 -0.636463  0.780855  0.567944  0.728486  0.588981   \n",
       "정규순위        0.357487  0.633427 -0.790536 -0.566586 -0.724422 -0.612687   \n",
       "\n",
       "                 수비율       RF9        CS       BLK  WAAwithADJ       승 수  \\\n",
       "OPS         0.377196  0.174388  0.183564  0.262874    0.213106  0.555428   \n",
       "wOBA        0.395980  0.117565  0.218031  0.309497    0.250599  0.629053   \n",
       "wRC+        0.398315 -0.080541  0.232708  0.394721    0.314722  0.781441   \n",
       "타자WAR       0.414407 -0.071619  0.232004  0.428060    0.353598  0.794800   \n",
       "타자WPA       0.461369  0.178426  0.143569  0.266255    0.296097  0.674983   \n",
       "ERA        -0.153691  0.131943  0.031442 -0.332087   -0.416735 -0.563096   \n",
       "FIP         0.014003  0.157686  0.053247 -0.171378   -0.100397 -0.335956   \n",
       "WHIP       -0.231752  0.147613 -0.040872 -0.434485   -0.515876 -0.636463   \n",
       "ERA+        0.383463  0.047936 -0.024207  0.431433    0.590637  0.780855   \n",
       "FIP+        0.201674  0.026934 -0.051698  0.264090    0.176185  0.567944   \n",
       "투수WAR       0.433851  0.029515 -0.060212  0.369885    0.292924  0.728486   \n",
       "투수WPA       0.187588 -0.180213  0.003061  0.337087    0.420311  0.588981   \n",
       "수비율         1.000000 -0.120102  0.052717  0.293668    0.304185  0.525506   \n",
       "RF9        -0.120102  1.000000  0.041041 -0.206091    0.027044  0.047607   \n",
       "CS          0.052717  0.041041  1.000000  0.021811    0.137891  0.114307   \n",
       "BLK         0.293668 -0.206091  0.021811  1.000000    0.391131  0.454695   \n",
       "WAAwithADJ  0.304185  0.027044  0.137891  0.391131    1.000000  0.544157   \n",
       "승 수         0.525506  0.047607  0.114307  0.454695    0.544157  1.000000   \n",
       "승률          0.525506  0.047607  0.114307  0.454695    0.544157  1.000000   \n",
       "정규순위       -0.456006  0.035566 -0.108057 -0.452787   -0.550996 -0.935313   \n",
       "\n",
       "                  승률      정규순위  \n",
       "OPS         0.555428 -0.483281  \n",
       "wOBA        0.629053 -0.575223  \n",
       "wRC+        0.781441 -0.725589  \n",
       "타자WAR       0.794800 -0.744094  \n",
       "타자WPA       0.674983 -0.598656  \n",
       "ERA        -0.563096  0.592390  \n",
       "FIP        -0.335956  0.357487  \n",
       "WHIP       -0.636463  0.633427  \n",
       "ERA+        0.780855 -0.790536  \n",
       "FIP+        0.567944 -0.566586  \n",
       "투수WAR       0.728486 -0.724422  \n",
       "투수WPA       0.588981 -0.612687  \n",
       "수비율         0.525506 -0.456006  \n",
       "RF9         0.047607  0.035566  \n",
       "CS          0.114307 -0.108057  \n",
